21000.0 0.8
20500.0 0.7666666666666667
20000.0 0.7333333333333333
19500.0 0.7000000000000001
19000.0 0.6666666666666666
18500.0 0.6333333333333334
18000.0 0.6
17500.0 0.5666666666666668
17000.0 0.5333333333333333
16500.0 0.5000000000000001
16000.0 0.4666666666666667
15500.0 0.43333333333333324
15000.0 0.4
14500.0 0.3666666666666667
14000.0 0.33333333333333337
13500.0 0.30000000000000004
13000.0 0.2666666666666667
12500.0 0.2333333333333334
12000.0 0.20000000000000007
11500.0 0.16666666666666663
11000.0 0.1333333333333333
10500.0 0.09999999999999998
10000.0 0.06666666666666665
9500.0 0.033333333333333326
9000.0 0.0
8500.0 0.0
8000.0 0.0
7500.0 0.0
7000.0 0.0
6500.0 0.0
6000.0 0.0
5500.0 0.0
5000.0 0.0
4500.0 0.0
4000.0 0.0
3500.0 0.0
3000.0 0.0
2500.0 0.0
2000.0 0.0
1500.0 0.0
1000.0 0.0
500.0 0.0
0.0 0.0
